0.114727 -0.099495 3.532646 0.239396 0.293233 
0.130381 -0.097677 3.534821 0.399705 0.247922 
0.140416 -0.108836 3.619913 0.576623 0.249417 
0.165009 -0.122401 3.631219 0.698196 0.279927 
0.181712 -0.102680 3.732441 0.851719 0.340159 
0.184236 -0.105823 3.768006 0.933971 0.219025 
0.209030 -0.122943 3.836007 1.102366 0.329182 
0.216812 -0.150512 3.852852 1.201945 0.368625 
0.211622 -0.182250 3.855555 1.296928 0.315088 
0.215823 -0.206977 3.850393 1.376764 0.360518 
0.210219 -0.256379 3.849045 1.468057 0.381298 
0.207105 -0.269822 3.872840 1.544957 0.340126 
0.208872 -0.278503 3.904721 1.643975 0.340520 
0.196262 -0.317966 3.958708 1.770068 0.359541 
0.198319 -0.331500 3.955345 1.853612 0.493490 
0.195205 -0.349809 4.003976 1.947661 0.522610 
0.193288 -0.376393 4.009894 2.021664 0.530277 
0.210191 -0.375034 4.057580 2.099636 0.562196 
0.193456 -0.484718 3.950712 2.297834 1.257326 
0.192430 -0.549297 4.024856 2.422133 1.363168 
0.220904 -0.462056 4.154134 2.576605 1.298360 
0.206760 -0.479840 4.184520 2.649684 1.259147 
0.190177 -0.500041 4.174969 2.703315 1.249796 
0.229197 -0.515674 4.175354 2.793254 1.402463 
0.185531 -0.545452 4.116520 2.849502 1.271945 
0.158359 -0.588157 4.155741 2.905569 1.248133 
0.155623 -0.593945 4.124733 3.020434 1.224465 
0.121683 -0.648988 4.083438 3.095669 1.289918 
0.121651 -0.688988 4.052528 3.230051 1.262939 
0.144930 -0.735781 4.081020 3.363909 1.281689 
0.153585 -0.735842 4.063871 3.435446 1.272874 
0.165893 -0.719810 4.111032 3.496707 1.041123 
0.171450 -0.746061 4.093742 3.574945 1.060537 
0.200099 -0.767772 4.131428 3.675227 1.118307 
0.223013 -0.779650 4.098323 3.783949 1.099837 
0.203934 -0.841774 4.043853 3.872825 1.142024 
0.243891 -0.724377 4.134069 4.072931 1.473259 
0.283936 -0.720967 4.167138 4.147667 1.374831 
0.286172 -0.746189 4.209388 4.216030 1.287885 
0.274232 -0.787482 4.145138 4.292091 1.241554 
0.262760 -0.844911 4.136454 4.380797 1.089293 
0.236042 -0.887287 4.058881 4.482319 1.172981 
0.237135 -0.936183 4.040523 4.576060 1.238496 
0.250722 -0.942353 4.063623 4.678257 1.098209 
0.256840 -0.919039 4.183912 4.753239 1.165053 
0.267150 -0.936683 4.171428 4.817791 1.156337 
0.286952 -0.915338 4.204403 4.910579 1.142091 
0.294957 -1.032617 4.123403 5.076661 1.126021 
0.327971 -1.121292 4.004576 5.241197 1.523047 
0.318018 -1.158477 3.961131 5.315257 1.493629 
0.268511 -1.248003 3.883984 5.438109 1.410643 
0.228021 -1.295712 3.971940 5.589981 1.450565 
0.188322 -1.401106 3.951058 5.722640 1.401591 
0.203240 -1.396315 3.985835 5.843192 1.481588 
0.252203 -1.283583 4.228254 6.009584 1.324110 
0.236463 -1.107801 4.537642 6.152282 1.019295 
0.211679 -1.154940 4.510545 6.227719 1.032945 
0.220784 -1.173898 4.543260 6.295303 1.092681 
0.238810 -1.169857 4.561714 6.387821 1.032728 
0.235092 -1.163607 4.584426 6.443987 0.996941 
0.271472 -1.083172 4.660375 6.554108 1.085746 
0.256479 -1.161987 4.619172 6.618003 1.044719 
0.241568 -1.221855 4.591167 6.722237 1.126107 
0.254328 -1.214839 4.652152 6.801636 1.214131 
0.257362 -1.255399 4.641188 6.917658 1.354488 
0.244012 -1.296563 4.638534 7.009081 1.306220 
0.246762 -1.333968 4.668088 7.095574 1.295210 
0.261980 -1.367673 4.568033 7.209616 1.105049 
0.251759 -1.397477 4.579560 7.300722 1.120929 
0.269401 -1.397733 4.569672 7.417031 1.283464 
0.269059 -1.382968 4.655928 7.531326 1.200503 
0.259816 -1.403883 4.652123 7.596832 1.148457 
0.283039 -1.432888 4.680437 7.725952 1.219319 
0.282295 -1.480579 4.744809 7.848552 1.190712 
0.272618 -1.556133 4.678418 7.945616 1.040208 
0.283433 -1.623203 4.627842 8.128820 1.443520 
0.298567 -1.645623 4.626669 8.222773 1.460269 
0.315050 -1.688545 4.615518 8.329830 1.492646 
0.320366 -1.727726 4.608369 8.418226 1.516746 
0.300132 -1.813524 4.463379 8.604605 1.521575 
0.306383 -1.832299 4.468179 8.690788 1.590797 
0.334902 -1.806555 4.529383 8.843501 1.288152 
0.398507 -1.798311 4.509308 8.986111 1.077999 
0.400520 -1.756638 4.570009 9.085851 1.050783 
0.389641 -1.789358 4.561238 9.194672 1.114181 
0.389386 -1.800558 4.585532 9.300426 1.119670 
0.382729 -1.820245 4.586213 9.369406 1.103258 
0.342550 -1.918119 4.486611 9.473322 1.241298 
0.381120 -1.929093 4.579699 9.616216 1.114787 
0.364229 -1.960885 4.512362 9.759073 1.134465 
0.322823 -2.028168 4.507795 9.907095 1.109603 
0.338772 -2.094431 4.436469 10.101130 1.040868 
0.333124 -2.084594 4.433578 10.255042 1.435630 
0.264108 -2.070636 4.743047 10.414534 1.805776 
0.310176 -2.020304 4.820255 10.540600 1.800716 
0.320651 -2.079630 4.782793 10.638524 1.856807 
0.325538 -1.980732 4.902615 10.793951 1.698108 
0.307043 -2.017852 4.932269 10.890974 1.597938 
0.315763 -1.969909 5.078808 10.948898 1.239146 
0.248636 -2.114004 5.076283 11.089290 1.161955 
0.354741 -1.984239 5.185140 11.245646 0.960248 
0.413925 -1.882732 5.273729 11.343378 0.856915 
0.453010 -1.904818 5.297193 11.461311 0.931033 
0.434940 -1.940724 5.429430 11.544461 1.182218 
0.478543 -1.912176 5.492364 11.650184 0.945093 
0.485375 -1.950509 5.500784 11.755856 0.740218 
0.475838 -1.980976 5.500045 11.844433 0.694771 
0.474002 -2.016095 5.479151 11.940468 0.666622 
0.424653 -2.097624 5.435741 12.047213 0.830382 
0.418955 -2.162086 5.414259 12.147896 0.767131 
0.423915 -2.192427 5.413487 12.262813 0.842815 
0.430789 -2.223145 5.409667 12.344707 0.797540 
0.467030 -2.230449 5.434891 12.484446 0.585468 
0.477090 -2.285612 5.396350 12.580819 0.484812 
0.531513 -2.317002 5.313360 12.759875 0.347297 
0.557707 -2.282099 5.385516 12.855915 0.368964 
0.583395 -2.290805 5.394054 12.995032 0.352896 
0.592504 -2.301881 5.408534 13.087499 0.397810 
0.609412 -2.296946 5.490084 13.203175 0.292874 
0.614236 -2.310635 5.521617 13.302875 0.347109 
0.718207 -2.110231 5.803422 13.443730 0.128425 
0.742603 -2.117223 5.849417 13.588777 0.208432 
0.758134 -2.129230 5.854406 13.695832 0.317802 
0.759852 -2.141799 5.869675 13.780790 0.285919 
0.761864 -2.197174 5.835315 13.887519 0.239409 
0.754331 -2.256841 5.818961 13.979218 0.346899 
0.737438 -2.298733 5.841259 14.077556 0.380934 
0.865199 -2.154673 6.041304 14.337387 0.777976 
0.872699 -2.173938 6.026652 14.423323 0.800550 
0.868086 -2.189220 6.041509 14.495110 0.805996 
0.867658 -2.194427 6.060855 14.566786 0.713652 
0.895383 -2.168439 6.106659 14.658352 0.763043 
0.901625 -2.213822 6.095720 14.785166 0.993527 
0.880032 -2.234508 6.133454 14.897891 0.865120 
0.872870 -2.281679 6.073378 15.031452 0.860094 
0.880091 -2.314229 6.075826 15.133153 0.864672 
0.861688 -2.392063 5.972413 15.240805 0.982019 
0.891195 -2.400421 5.995637 15.366206 1.044995 
0.866429 -2.400457 6.080097 15.437295 1.161420 
0.863305 -2.431622 6.081219 15.522672 1.206655 
0.872484 -2.430977 6.122193 15.630106 1.177573 
0.857981 -2.458028 6.135166 15.709981 1.221910 
0.870694 -2.419089 6.220156 15.801433 1.092347 
0.858729 -2.472927 6.176540 15.885811 0.974559 
0.889253 -2.477770 6.199557 15.984653 0.832946 
0.897731 -2.470475 6.247864 16.092516 0.837090 
0.894289 -2.477619 6.279249 16.182042 0.894927 
0.896208 -2.512324 6.267334 16.264556 0.872106 
0.886321 -2.592648 6.213759 16.414064 0.814678 
0.879728 -2.632380 6.198536 16.494607 0.778240 
0.905541 -2.620342 6.212682 16.603902 0.900735 
0.910238 -2.668354 6.187092 16.733042 0.884213 
0.843815 -2.819493 6.110352 16.853144 0.960944 
0.847469 -2.848540 6.138009 16.955351 1.087536 
0.820763 -2.757600 6.328406 17.044857 1.194004 
0.885403 -2.675291 6.448157 17.145077 1.217474 
0.871198 -2.687894 6.451985 17.225599 1.061083 
0.892582 -2.715946 6.428292 17.326775 1.046427 
0.889310 -2.767441 6.418329 17.430996 1.160661 
0.883325 -2.838049 6.370212 17.510080 1.146296 
0.841832 -2.961114 6.289033 17.630459 1.326482 
0.844048 -2.965339 6.315498 17.715480 1.352206 
0.830079 -3.006207 6.294514 17.781583 1.440442 
0.889911 -2.962873 6.403347 17.931152 1.611659 
0.823543 -3.019061 6.271716 18.102651 1.954030 
0.795748 -3.092777 6.173638 18.234303 2.064613 
0.823829 -3.129946 6.180296 18.403061 2.220109 
0.789078 -3.176064 6.133469 18.503187 2.281119 
0.746208 -3.210878 6.082777 18.607118 2.302111 
0.711398 -3.318331 6.029105 18.710471 2.334093 
0.662928 -3.536370 5.777350 18.865183 2.045150 
0.672992 -3.547476 5.754312 18.970635 2.141966 
0.106389 -4.531281 4.798364 19.223677 2.038625 
0.070088 -4.710615 4.649132 19.451736 2.157644 
0.084814 -4.675621 4.788774 19.606938 2.278687 
0.032878 -4.812349 4.681108 19.743021 2.225309 
0.029739 -4.895162 4.429989 19.939995 2.199806 
0.000079 -4.918770 4.516882 20.131341 2.090290 
0.065722 -4.886221 4.707742 20.353494 2.118524 
0.083911 -4.913504 4.815043 20.634501 2.304034 
0.068131 -4.992170 4.818221 20.760469 2.207092 
0.075888 -5.014377 4.760838 20.872108 2.132783 
0.136987 -4.960079 4.860184 21.038620 2.052799 
0.106027 -4.980899 5.103133 21.162466 2.184284 
0.127789 -4.989589 5.097967 21.260639 2.174075 
0.153792 -4.978341 5.200553 21.367248 2.149152 
0.663674 -4.347956 6.203948 21.571172 1.894803 
0.682022 -4.332588 6.300863 21.685050 1.823792 
0.673662 -4.335980 6.469474 21.829030 1.865614 
0.744276 -4.059057 6.840098 21.948395 1.363251 
0.694924 -4.169002 6.834801 22.072567 1.419324 
0.637098 -4.211266 6.776110 22.214262 1.309553 
0.650158 -4.241607 6.736640 22.295605 1.392340 
0.665748 -4.206015 6.806571 22.390992 1.299670 
0.710868 -4.200852 6.833498 22.522345 1.477463 
0.712591 -4.213853 6.799703 22.642164 1.507270 
0.708509 -4.259079 6.866509 22.769846 1.601686 
0.636578 -4.375860 6.770979 22.960643 1.816136 
0.656568 -4.358173 6.893538 23.132350 1.959429 
0.543732 -4.413518 6.954841 23.266911 1.691554 
0.501097 -4.562316 6.783431 23.402058 1.883987 
0.447843 -4.547334 6.900098 23.524245 2.058526 
0.503771 -4.492687 6.918700 23.659202 2.082246 
0.495652 -4.597260 6.793495 23.775267 2.133064 
0.533017 -4.577127 6.861360 23.835031 2.082339 
0.510107 -4.669349 6.689656 23.984042 2.066283 
0.487608 -4.659972 6.717399 24.093583 2.073529 
0.788797 -4.240265 6.997370 24.304625 2.185016 
0.693657 -4.458623 6.739861 24.475675 2.094353 
0.691502 -4.462437 6.819275 24.563649 2.133130 
0.726665 -4.431767 6.853189 24.694188 2.312225 
0.800573 -4.415593 6.866860 24.801290 2.344792 
0.807880 -4.635149 6.692155 24.925918 2.281431 
0.859865 -4.594240 6.517316 25.193434 2.005543 
0.938031 -4.443254 6.706007 25.313530 1.741038 
1.078921 -4.273778 7.063828 25.439591 1.913143 
1.108951 -4.272625 7.069194 25.562810 1.846808 
1.123282 -4.243308 7.080072 25.672920 1.843447 
1.125273 -4.265209 7.065199 25.777913 1.813065 
1.147783 -4.286574 7.044777 25.853479 1.872383 
1.148949 -4.293373 7.091960 25.955169 1.938372 
1.212415 -4.257104 7.146666 26.076291 1.961594 
1.174125 -4.325646 7.113097 26.232060 2.073312 
1.156981 -4.332618 7.174439 26.365701 2.175078 
1.024487 -4.533778 7.028422 26.513480 2.299577 
1.029138 -4.535167 6.912023 26.655962 2.242124 
1.011531 -4.643500 6.807206 26.761272 2.202399 
0.967785 -4.704129 6.874108 26.833749 2.292495 
0.958711 -4.797810 6.767254 26.970010 2.355506 
0.916973 -4.866421 6.726035 27.085565 2.348243 
0.786274 -5.061729 6.549834 27.270496 2.374533 
0.933221 -4.776635 6.968355 27.440621 2.268114 
0.950590 -4.803996 6.884159 27.613618 2.329707 
1.015266 -4.744183 7.182968 27.682157 2.406336 
1.056027 -4.707979 7.340347 27.778066 2.410678 
1.072504 -4.694135 7.439074 27.856873 2.327348 
1.094105 -4.703015 7.464876 27.939466 2.296620 
1.178153 -4.658170 7.511454 28.052967 2.324398 
1.165942 -4.629630 7.582684 28.205740 2.246960 
1.139332 -4.648081 7.815751 28.324149 2.268386 
1.083286 -4.899407 7.565058 28.468621 2.287312 
1.141834 -4.856007 7.619626 28.586485 2.216252 
0.945465 -4.785701 8.119534 28.679899 1.893427 
0.962527 -4.800495 8.181248 28.763670 1.903941 
0.933560 -4.868077 8.120900 28.838474 1.793366 
0.943961 -4.864114 8.140447 28.956286 1.864948 
0.782599 -5.111058 7.978728 29.127389 2.204980 
0.786205 -5.067788 8.034262 29.254915 2.167353 
0.681146 -5.166124 8.007661 29.400110 2.385814 
0.710782 -5.159456 8.092003 29.522965 2.311952 
0.722635 -5.175104 8.102901 29.609331 2.273845 
0.727183 -5.122085 8.280796 29.701635 2.357703 
0.760207 -5.132163 8.348881 29.798717 2.373315 
0.638526 -5.274368 8.575036 29.868270 2.397158 
0.596719 -5.339040 8.523309 29.944108 2.381305 
0.569913 -5.517962 8.416740 30.100967 2.380169 
0.646219 -5.461617 8.365400 30.262740 2.393163 
0.593672 -5.410086 8.505124 30.364275 2.393839 
0.619212 -5.393957 8.527251 30.464033 2.438624 
0.622455 -5.443520 8.608106 30.522926 2.011762 
0.652319 -5.444606 8.555757 30.624310 1.758620 
0.629904 -5.432548 8.587715 30.757056 1.855535 
0.589078 -5.531309 8.389355 30.936868 1.859297 
0.566567 -5.597990 8.324068 31.033931 1.987290 
0.533389 -5.609265 8.340745 31.139563 1.957882 
0.552420 -5.562705 8.422281 31.227687 1.994660 
0.563348 -5.640624 8.371287 31.330767 1.885695 
0.580400 -5.645497 8.416062 31.488511 1.641525 
0.443805 -5.762728 8.292552 31.609138 2.023703 
0.410312 -5.871544 8.157078 31.751322 2.068723 
0.228458 -6.344239 7.815038 31.870649 1.914161 
0.272650 -6.308010 7.841284 32.045976 2.020964 
0.276570 -6.358413 7.845682 32.168693 2.047564 
0.248996 -6.346730 7.907771 32.285376 1.859218 
0.206694 -6.385460 7.964251 32.416968 1.741901 
0.141822 -6.545185 7.836525 32.535806 1.519432 
0.164784 -6.541381 7.841571 32.693443 1.428598 
0.099943 -6.648905 7.793565 32.814231 1.452801 
0.119245 -6.602553 8.002709 33.007552 1.704057 
0.080173 -6.711021 7.920783 33.144699 1.653804 
0.033315 -6.788044 7.850400 33.308687 1.500112 
-0.024956 -6.823328 7.903885 33.469232 1.651316 
-0.008347 -6.737735 8.010146 33.596584 1.537652 
-0.048808 -6.772099 8.046632 33.763007 1.553541 
-0.143748 -6.943397 7.956759 33.918028 1.616345 
-0.067906 -6.817935 8.168055 34.091546 1.462900 
0.009280 -6.696887 8.339980 34.251494 1.498971 
-0.055977 -6.809277 8.215449 34.340748 1.542068 
-0.139068 -6.982082 8.183530 34.480927 1.458430 
-0.162763 -7.120171 8.041065 34.641382 1.481171 
0.071978 -6.712516 8.541717 34.961739 2.034302 
0.160929 -6.513219 8.762635 35.139946 1.959193 
0.183949 -6.485499 8.902974 35.294001 2.014279 
0.161350 -6.507933 8.921850 35.425018 2.101302 
0.413932 -6.084175 9.823123 35.539494 2.163776 
0.496072 -6.045453 10.009385 35.626263 2.155889 
0.506070 -6.030094 10.032598 35.719935 2.138853 
0.460780 -6.035301 10.159483 35.786644 2.066645 
0.458653 -6.036228 10.157646 35.866089 2.056801 
0.428947 -6.046865 10.180036 35.978097 2.129967 
0.422289 -6.112598 10.168552 36.063879 2.093238 
0.483665 -6.031861 10.221566 36.143587 2.102454 
0.480802 -6.059936 10.223003 36.265068 2.023988 
0.544654 -5.968418 10.331596 36.379900 2.144922 
0.570177 -5.928785 10.418465 36.467227 2.181843 
0.710846 -5.733327 10.653940 36.595012 2.134766 
0.753992 -5.851209 10.488654 36.738676 2.029627 
0.686795 -5.873662 10.462741 36.888903 2.009871 
0.672737 -5.886717 10.389685 37.004198 1.918829 
0.653508 -5.974734 10.303839 37.128347 1.848008 
0.697838 -5.829060 10.389884 37.243818 1.867488 
0.805723 -5.720278 10.378372 37.395923 1.870409 
0.803422 -5.738676 10.364932 37.493405 1.850578 
0.817223 -5.678101 10.457648 37.616250 1.604091 
0.845015 -5.702494 10.422410 37.717557 1.518561 
0.850497 -5.717555 10.436947 37.794882 1.458074 
0.815168 -5.795346 10.301681 37.927234 1.314542 
0.805619 -5.950287 10.165875 38.068401 1.158245 
0.809462 -6.025496 10.043175 38.179906 1.109089 
0.813206 -6.063167 10.010676 38.278729 1.170613 
0.835866 -6.045731 10.069793 38.423716 1.280388 
0.872259 -6.083326 10.006388 38.607523 1.469992 
1.079940 -5.624472 10.528907 38.745705 1.208219 
1.099817 -5.595719 10.614449 38.821866 1.280902 
1.096096 -5.585354 10.639717 38.920232 1.286640 
1.097078 -5.585343 10.638648 39.009429 1.401146 
1.068519 -5.601496 10.704982 39.090321 1.354574 
1.067764 -5.626853 10.724587 39.243131 1.182778 
1.061517 -5.678126 10.679997 39.357286 1.153144 
1.045787 -5.699662 10.681790 39.453293 1.080218 
1.080340 -5.749293 10.470962 39.656697 1.058414 
1.096592 -5.767016 10.489334 39.775912 1.129055 
1.096620 -5.954142 10.189814 39.982602 1.190190 
1.049413 -6.080494 10.114721 40.110479 1.292743 
0.996884 -6.174380 10.081912 40.246961 1.300828 
0.908811 -6.355281 9.969989 40.374913 1.386058 
0.931765 -6.365859 9.923864 40.473882 1.352205 
0.954500 -6.379791 9.944478 40.561067 1.285929 
0.936516 -6.404214 9.996573 40.652752 1.245894 
0.936848 -6.447181 9.991275 40.762067 1.189861 
0.916678 -6.539317 9.913107 40.878598 1.136509 
0.955716 -6.499954 10.024934 40.987888 1.124657 
0.937749 -6.543961 10.032182 41.090243 1.149402 
0.983852 -6.382478 10.411335 41.223246 0.860574 
0.982949 -6.419227 10.415198 41.354745 0.812228 
0.994646 -6.436084 10.419406 41.446363 0.812010 
0.973279 -6.519297 10.381760 41.576652 0.844307 
0.987226 -6.531240 10.397540 41.683146 0.878628 
1.056757 -6.475692 10.477409 41.813855 1.055910 
1.047959 -6.536854 10.430199 41.910963 0.908982 
1.054349 -6.553100 10.462713 42.020986 0.954655 
1.062760 -6.580698 10.462760 42.107804 1.013506 
1.063365 -6.672345 10.418431 42.258309 1.162204 
1.062846 -6.692350 10.437432 42.361401 1.171234 
1.063289 -6.757411 10.407367 42.502462 1.126665 
1.069466 -6.851846 10.314906 42.619376 1.064338 
1.072928 -6.871649 10.304636 42.720183 1.023884 
1.077380 -6.923747 10.217105 42.840331 1.019447 
1.081933 -6.948466 10.214321 42.956427 1.182739 
1.093264 -6.973981 10.205811 43.086729 1.345746 
1.126693 -6.962912 10.204493 43.212232 1.551331 
1.128462 -6.962235 10.289421 43.335464 1.542811 
1.160674 -6.940361 10.293460 43.431542 1.496679 
1.205113 -6.908953 10.241625 43.562311 1.611642 
1.178034 -6.955624 10.266912 43.656568 1.567921 
1.210847 -6.997513 10.316157 43.771866 1.621838 
1.227052 -6.984512 10.377355 43.889548 1.722861 
1.243754 -6.957111 10.445163 43.992707 1.676090 
1.217796 -7.015403 10.500373 44.078944 1.694122 
1.251636 -7.006566 10.499626 44.216216 1.786148 
1.242938 -7.120719 10.396949 44.351672 1.991806 
1.201991 -7.118628 10.448527 44.495135 2.026944 
1.177422 -7.183612 10.383625 44.595382 1.968117 
1.250763 -7.052213 10.386906 44.764798 2.158078 
1.323431 -7.046223 10.619513 44.865653 2.248453 
1.373711 -7.029419 10.649216 45.002053 2.386842 
1.420663 -7.028892 10.745512 45.086471 2.374466 
1.422470 -7.089477 10.669245 45.192400 2.325724 
1.455758 -7.067293 10.775571 45.270411 2.325286 
1.458576 -7.076683 10.803263 45.344407 2.268037 
1.494881 -7.035733 10.968595 45.397397 2.253670 
1.527012 -7.027618 10.998386 45.503444 2.165988 
1.559887 -6.918241 11.057263 45.642834 2.004488 
1.432780 -7.093094 11.163126 45.739254 2.148796 
1.417880 -7.127241 11.151926 45.879827 2.072669 
1.621000 -6.996978 11.387769 46.003938 2.200936 
1.589125 -6.939451 11.451963 46.143335 2.175394 
1.596722 -6.929161 11.488228 46.228299 2.193928 
1.611062 -7.016092 11.396248 46.356604 2.159061 
1.570738 -7.123341 11.258972 46.486118 2.288318 
1.534448 -7.247583 11.219990 46.597339 2.218665 
1.551331 -7.265783 11.206502 46.715613 2.200299 
1.561649 -7.277546 11.219172 46.801092 2.203623 
1.553410 -7.295342 11.255181 46.888565 2.194107 
1.542271 -7.326427 11.280458 46.970653 2.170313 
1.511078 -7.343076 11.282493 47.101414 2.261922 
1.460480 -7.412742 11.275047 47.181465 2.300118 
1.494890 -7.420231 11.215070 47.302662 2.229036 
1.494488 -7.435746 11.213572 47.383318 2.158650 
1.409572 -7.662304 11.030184 47.503929 2.201512 
1.383832 -7.773710 10.940347 47.614798 2.158525 
1.246384 -8.057366 10.772025 47.766926 1.907901 
1.225150 -8.080499 10.784237 47.883040 1.984138 
1.243588 -8.076348 10.856885 47.990652 1.937493 
1.148354 -8.108528 10.997908 48.077962 2.034913 
1.150734 -8.100751 11.060639 48.199739 2.091765 
1.155323 -8.112917 11.121244 48.302317 2.097566 
1.316540 -7.871073 11.240273 48.483227 2.288339 
1.456834 -7.440685 11.864212 48.554273 2.454580 
1.454482 -7.407118 11.926159 48.633460 2.464248 
1.517961 -7.406706 11.958500 48.756901 2.406145 
1.445910 -7.558469 11.897060 48.832419 2.415170 
1.437889 -7.596806 11.881912 48.927101 2.431478 
1.457324 -7.605305 11.906390 49.010519 2.472651 
1.428865 -7.603863 11.964251 49.111313 2.472116 
1.451283 -7.549248 12.060284 49.192761 2.441924 
1.521992 -7.438891 12.162335 49.283093 2.428167 
1.518979 -7.490930 12.138571 49.368772 2.331284 
1.528061 -7.470916 12.187113 49.473758 2.327127 
1.524688 -7.449391 12.279230 49.539010 2.368716 
1.495250 -7.522354 12.325128 49.588840 2.312316 
1.499919 -7.605060 12.219133 49.695631 2.331253 
1.447100 -7.671511 12.233552 49.776540 2.525173 
1.502088 -7.710033 12.207446 49.903078 2.589235 
1.507675 -7.728389 12.162704 50.011429 2.550683 
1.378075 -7.977955 11.890184 50.195807 2.653293 
1.435344 -7.921643 12.027683 50.299107 2.611459 
1.488536 -7.894285 12.118334 50.417762 2.492669 
1.486282 -7.894197 12.155960 50.489368 2.413114 
1.517107 -7.944021 11.926682 50.617772 2.589174 
1.521029 -7.928865 12.088417 50.710140 2.612732 
1.443889 -8.132644 11.857435 50.838783 2.665292 
2.201748 -7.738098 12.553169 50.934995 2.999212 
2.133008 -7.915751 12.396817 51.046438 2.989173 
2.139032 -7.781939 12.682478 51.136146 3.165161 
2.134823 -7.816008 12.608920 51.240711 3.154443 
2.142920 -7.884198 12.583008 51.320030 3.112261 
2.146232 -7.817537 12.675560 51.401057 3.061424 
2.166433 -7.449877 13.255225 51.395849 3.026836 
2.147690 -7.491665 13.219429 51.481979 3.053352 
2.188691 -7.416160 13.224833 51.588983 2.995650 
2.159110 -7.445050 13.398244 51.624995 2.976768 
2.168015 -7.391100 13.496205 51.721246 3.050164 
2.103627 -7.582517 13.521345 51.799988 2.980615 
2.071370 -7.427298 13.767231 51.875498 2.945710 
2.253364 -7.174239 14.117001 51.962116 2.810903 
2.296913 -7.137317 14.124988 52.028566 2.778006 
2.280164 -7.190714 14.192722 52.057499 2.788280 
2.243591 -7.424838 13.827868 52.230836 2.751012 
2.261375 -7.463630 13.857880 52.294043 2.764506 
2.267723 -7.497175 13.832138 52.380432 2.706631 
2.260177 -7.595460 13.776238 52.500462 2.785668 
2.163124 -7.878888 13.458470 52.638005 2.931159 
1.867939 -8.605783 12.420027 52.984655 2.952089 
1.791104 -8.881470 12.005275 53.141298 2.889324 
1.804957 -8.809188 12.055005 53.275643 2.943763 
1.717017 -8.945740 12.071862 53.367565 3.051647 
1.726909 -8.957484 12.062480 53.468576 3.018224 
1.935655 -8.796111 12.274163 53.601006 3.215327 
1.625070 -9.322199 11.808858 53.726315 3.207006 
1.711486 -9.324327 11.538836 53.983619 3.152130 
1.709457 -9.479363 11.441823 54.132178 3.176379 
1.716738 -9.548319 11.458795 54.292605 3.214914 
1.766212 -9.650150 11.349656 54.398554 3.222342 
1.822840 -9.668109 11.374978 54.545696 3.265289 
1.751889 -9.897424 11.222607 54.653907 3.313622 
1.742651 -9.966532 11.153890 54.758152 3.303940 
1.748881 -9.951209 11.436396 54.822518 3.292357 
1.705452 -10.143082 11.234246 54.972573 3.310819 
1.633973 -10.195602 11.064669 55.108302 3.204484 
1.676493 -10.352164 10.749835 55.277493 3.174392 
1.591946 -10.522506 10.669271 55.392846 3.253390 
1.655465 -10.279783 11.016486 55.483274 3.174354 
1.754586 -10.037031 11.397537 55.621860 3.182122 
1.758732 -10.001060 11.502522 55.743770 3.192977 
1.726426 -10.086094 11.456890 55.835661 3.156204 
1.752099 -10.275912 11.109594 55.941383 2.916929 
1.681625 -10.357991 11.190835 56.054764 2.924353 
1.705426 -10.331132 11.282207 56.174868 3.014984 
1.713324 -10.361900 11.386706 56.309808 2.926628 
2.041824 -10.114589 11.615437 56.567641 3.004552 
2.043694 -10.125957 11.708418 56.662987 3.001145 
2.049561 -10.118979 11.679375 56.800410 3.036229 
2.267283 -9.783369 11.941369 56.867981 3.025151 
2.137996 -10.199652 10.938242 57.152501 3.102223 
2.095930 -10.261144 10.923437 57.245705 3.146287 
2.055575 -10.395992 10.817460 57.428837 3.070531 
1.956956 -10.550168 10.625130 57.589830 3.044530 
2.057644 -10.572366 10.579553 57.777622 3.098273 
2.037906 -10.559700 10.640427 57.860574 3.068761 
2.028634 -10.691619 10.623264 58.044908 3.088473 
2.060017 -10.829343 10.622396 58.267384 3.104469 
2.041870 -10.930759 10.519883 58.430034 3.145141 
1.947108 -11.125866 10.267151 58.687985 3.099862 
1.831191 -11.495030 9.743671 58.915232 3.173838 
1.759197 -11.789231 9.614784 59.196749 3.259987 
1.684194 -12.013731 9.384075 59.245888 3.342158 
1.483458 -11.398836 10.770070 59.483040 3.330173 
1.157817 -12.164853 9.898182 59.651193 3.233214 
1.241161 -12.231802 9.436405 60.085496 3.464905 
1.130308 -12.265255 9.620178 60.256213 3.522862 
0.713060 -13.345824 8.539506 60.586602 3.501912 
0.732631 -13.205563 8.861316 60.902658 3.547703 
0.604576 -13.496939 8.669819 61.659131 3.617339 
0.787648 -13.698497 8.855962 62.405520 3.710033 
1.035646 -14.242849 9.425493 65.468791 4.045684 
0.928365 -15.337294 4.957276 68.395776 4.228634 
0.560602 -16.351487 3.337185 68.905202 4.240326 
0.563339 -15.679877 4.620166 69.938279 4.207796 
0.256232 -16.089720 3.320721 69.662974 3.997636 
-0.056538 -16.175119 4.971761 71.001768 3.915225 
0.153945 -17.083093 2.867214 69.802855 3.948962 
0.535994 -17.319987 2.732597 73.329243 4.187047 
0.649575 -16.411511 1.873449 70.111786 4.316085 
0.895124 -16.208331 1.626512 72.699926 4.556249 
0.948187 -17.536049 0.112505 75.099592 4.597892 
-0.228130 -18.306447 -5.879674 68.842430 4.633271 
-1.242829 -18.901150 -8.703879 70.342525 4.713604 
-1.368138 -22.109558 -4.584535 80.187372 4.679544 
-3.082733 -26.935126 -7.893045 93.671467 4.751350 
-2.921388 -26.602015 -8.336062 93.396409 4.743036 
-3.233567 -27.349024 -8.875075 95.618036 4.726972 
-3.591575 -26.901529 -3.915282 101.545572 4.651762 
-3.468809 -28.381351 -6.541029 103.757360 4.792377 
-3.840410 -28.625397 -3.098428 108.354219 4.774533 
-3.476672 -28.873907 -4.245731 111.096384 4.666557 
-2.917775 -27.421200 -2.451243 108.497074 4.740497 
-2.300738 -28.287466 -1.491626 115.573632 4.428509 
-2.121689 -28.942991 -1.555561 118.425283 4.542409 
-1.643504 -30.986637 -7.267573 117.695562 4.325145 
-2.964298 -33.600583 -4.698049 127.876269 4.311793 
-3.403723 -34.933917 -6.491557 128.069139 4.004818 
-2.887548 -33.869227 -4.455850 125.121580 4.180615 
-2.823630 -34.011752 -6.601967 123.486443 4.267157 
-3.234895 -35.536358 -5.701726 127.720242 4.197950 
-3.201709 -33.226191 -9.367820 117.388555 3.741962 
-2.718808 -33.649251 -13.095593 117.981169 3.477910 
-2.925520 -33.281677 -13.438565 116.212982 3.384044 
-2.752566 -33.708321 -13.553671 118.947835 3.340720 
-2.686622 -33.822167 -12.057875 120.362445 3.060160 
-2.537471 -35.468294 -12.071768 124.722364 2.857974 
-2.385652 -37.028384 -14.561510 128.662644 2.736250 
-2.474556 -37.547378 -13.024913 130.066390 2.345889 
-2.547801 -37.396972 -12.174238 130.231362 3.172214 
-2.261597 -37.626445 -10.729741 132.424997 3.064431 
-2.217236 -36.704080 -10.830948 128.488035 3.558051 
-2.030546 -38.051119 -12.860755 132.044599 4.147894 
-2.485246 -39.753204 -13.027995 134.574014 3.818113 
-2.121234 -40.516979 -15.317081 135.601241 3.821099 
-1.477641 -38.467937 -15.445843 130.723496 3.691473 
-1.154020 -38.808846 -13.782909 131.788630 3.664979 
-1.357593 -40.005378 -17.059505 132.088977 3.738392 
-0.891033 -38.926594 -16.038579 130.017958 3.895953 
-1.037172 -41.666549 -17.359451 138.480429 4.049546 
-1.583851 -41.033532 -13.783137 137.323457 4.028984 
-1.984216 -42.134785 -10.784934 138.385388 4.249626 
-3.202247 -47.084335 -13.232941 150.508855 4.613090 
-3.013187 -47.671450 -8.259357 154.042340 4.425794 
-3.742254 -50.455242 -9.677974 163.152003 4.586825 
-3.872781 -52.005198 -11.093655 166.086346 4.540099 
-4.729130 -51.020601 -7.619084 165.084173 4.637486 
-4.726598 -50.110344 -6.782314 162.686385 4.611627 
-5.391472 -52.323916 -2.155584 169.593112 4.454645 
-5.066229 -53.351743 -1.775108 176.219007 4.420468 
-5.034314 -55.094227 -3.721804 178.773940 4.411231 
-4.651124 -54.350984 -3.862050 176.256544 4.428256 
-5.247890 -52.904264 -2.441329 172.287799 4.413671 
-4.939680 -53.245823 -0.675800 172.782363 4.779468 
-5.411981 -54.326204 1.324290 180.874080 5.124077 
-5.224124 -52.550302 -1.551552 175.999963 5.216991 
-5.067131 -52.473009 -0.303333 173.652492 5.265242 
-4.539419 -54.588417 -6.045494 177.633992 5.191270 
-3.616625 -52.511595 -8.530463 172.065211 5.223690 
-3.546952 -50.717203 -5.634016 168.444901 5.270932 
-3.483906 -56.667520 -1.556336 188.390638 5.113496 
-3.337315 -55.169949 -5.476114 183.476182 5.236161 
-3.862017 -54.434910 1.677644 185.423431 5.372291 
-4.286715 -53.161182 2.311944 182.894801 5.438111 
-4.017749 -48.778155 3.808053 174.727356 5.568165 
-4.367353 -48.397263 5.344214 178.986498 5.563950 
-4.225140 -50.286587 8.761294 185.940693 5.575879 
-4.946339 -48.445766 16.917589 183.688632 5.784003 
-5.314038 -47.518862 17.099945 181.463703 5.757771 
-5.603995 -51.155992 1.301333 178.762817 5.479073 
-6.315292 -50.974264 0.691674 174.063318 5.617181 
-7.121784 -51.077796 -3.170916 170.172733 5.536925 
-7.238110 -50.957308 -2.566385 167.523285 5.547479 
-7.976956 -51.349347 -1.611195 169.166642 5.587166 
-7.860184 -51.095745 -2.463848 171.775426 5.578189 
-7.408545 -48.003719 -5.449908 163.623701 5.499138 
-6.425971 -47.817724 3.260849 167.786924 5.392009 
-6.317770 -48.069227 4.115735 167.985622 5.432074 
-6.092295 -46.032468 0.382272 156.185340 5.359314 
-5.098180 -47.381868 -1.303655 161.474567 5.157155 
-5.403739 -46.851461 -2.482918 158.346884 5.059175 
-5.700400 -48.587163 -5.824035 160.854454 4.981300 
-5.544822 -46.268748 1.385858 157.313284 5.168151 
-5.111332 -44.709544 5.493602 157.307643 4.968356 
-5.865851 -46.174731 5.648421 164.386796 4.719397 
-5.896189 -44.234529 9.943152 161.314660 4.823235 
-6.747369 -49.429521 8.529828 176.593339 4.449403 
-6.067952 -46.815863 4.743984 167.624579 4.592850 
-6.184294 -47.398246 6.833365 170.619248 4.437115 
-6.404090 -48.295399 13.705184 178.185914 4.316962 
-6.097678 -47.924227 15.251498 176.878915 4.248316 
-7.135783 -48.712873 10.163389 176.820598 4.320693 
-6.842468 -48.419368 7.262347 175.299302 4.551201 
-6.573159 -44.879277 8.710080 162.450513 4.058291 
-6.537503 -45.040129 8.399816 163.668577 4.036529 
-6.259949 -44.056403 9.235498 159.990208 4.628936 
-6.472046 -45.275888 8.480671 162.993316 4.642901 
-6.384257 -46.060495 6.543724 163.658228 4.659168 
-6.576993 -45.510593 6.100895 160.890324 4.721387 
-5.596079 -46.603850 13.408687 170.085369 4.547627 
-5.737835 -48.011251 10.526358 168.819577 4.475420 
-5.840665 -49.655590 9.820860 171.184261 4.518532 
-7.385997 -53.917321 8.518458 186.294268 4.239350 
-6.969574 -56.022613 11.237792 192.580833 3.967306 
-7.182098 -56.718410 18.264044 199.904677 3.559454 
-6.771164 -56.982021 13.691648 198.119193 3.093600 
-5.435413 -58.380621 15.322719 203.724825 2.300320 
-5.268790 -59.400803 15.287390 211.229632 3.129538 
-5.353117 -60.792652 17.502510 216.084661 3.347157 
-5.780839 -59.957271 17.090581 213.513167 3.379266 
-5.398510 -59.934436 19.671256 214.495766 3.443330 
-5.104181 -59.065088 21.212847 212.090579 4.075621 
-4.956385 -60.345723 22.108973 220.940638 4.484036 
-4.790034 -61.045838 21.326437 222.352820 4.540271 
-5.175170 -62.131440 29.277332 229.971861 4.521528 
-5.152772 -62.969217 29.173761 232.049519 4.742629 
-5.132163 -63.828083 28.077191 233.955793 4.505531 
-4.182729 -62.268672 29.381413 230.044173 4.691740 
-3.389727 -62.822233 27.188964 230.059097 4.617977 
-2.863146 -61.796874 25.328309 228.245753 4.523684 
-1.941336 -58.145449 23.441987 219.860071 4.903758 
-1.514433 -56.724699 18.316843 215.980551 5.102009 
-0.559421 -61.995077 15.586503 239.236838 4.581369 
-0.393840 -60.964381 9.033707 233.921169 4.727913 
0.075355 -62.269360 7.571695 237.182587 4.866656 
-1.121778 -66.100640 16.838422 256.435203 4.765794 
-1.124530 -65.186190 18.112345 251.885742 4.673678 
0.092655 -64.093043 26.624401 255.140279 4.441342 
1.410392 -68.100850 39.163606 278.256157 4.002794 
1.365044 -69.917362 38.004469 283.186718 4.058844 
1.324733 -70.309086 38.412645 285.152143 4.146103 
1.648737 -69.716298 40.323778 284.494451 4.211709 
1.391524 -71.114764 38.070677 286.197355 4.077722 
1.381561 -69.953008 36.211015 279.657755 3.753455 
0.889894 -71.171806 36.459950 281.833378 4.096199 
0.857493 -72.696711 35.624181 284.129767 3.996958 
0.513462 -73.825401 36.175504 288.013581 3.909594 
1.166861 -70.246026 35.879773 279.720119 3.859590 
1.051510 -79.376496 47.848099 313.403236 3.174724 
0.632139 -80.170523 48.902081 322.054210 2.403952 
0.436055 -81.185326 49.605240 326.007869 2.099924 
0.839036 -81.361370 47.778581 326.398663 3.309460 
0.415384 -80.942330 43.394403 324.373342 4.129399 
-0.033215 -82.278606 44.405942 329.281600 4.330252 
0.163866 -83.298221 43.292175 332.027163 4.426013 
-0.263714 -81.273250 45.831432 328.266715 4.596979 
-1.497175 -84.345616 51.327583 338.172941 4.592145 
-1.743206 -85.425955 47.803517 339.564070 4.591451 
-1.472220 -85.262480 48.400695 333.078564 4.656525 
-0.994338 -90.870805 40.822943 342.978122 4.501041 
-0.997570 -91.382270 42.207294 345.513763 4.480243 
-0.904347 -93.232825 46.199885 348.292427 4.605248 
-1.470754 -88.939284 49.086320 338.365410 4.832620 
-0.288856 -86.813385 56.368078 337.135420 4.940262 
-1.532613 -96.293033 55.193863 370.876410 4.949538 
-2.098806 -92.864995 52.784840 359.665000 4.832298 
-1.944159 -91.827396 53.710334 358.116452 4.886641 
-1.645425 -91.380742 55.337399 360.336361 4.917619 
-1.173004 -92.009252 57.234021 363.766378 4.816032 
-1.690355 -90.266561 61.261285 360.405498 4.514582 
-1.129637 -90.643211 62.789657 363.834796 4.406840 
-1.838641 -90.021442 57.962236 349.175594 4.395110 
-2.082397 -91.237272 58.669994 354.956648 4.443148 
-1.644010 -85.178793 63.629209 338.045147 4.216375 
-1.651413 -87.327231 65.125573 347.983928 3.889014 
-2.322742 -87.275575 69.370623 350.938130 4.177697 
-2.038586 -89.362112 69.983483 356.287193 4.398816 
-2.726013 -90.306927 68.149520 360.388223 4.525727 
-2.792752 -90.263125 68.697042 362.613605 4.471144 
-3.619136 -92.724008 64.322322 367.886097 4.334861 
-2.949213 -87.866502 66.237846 355.291268 4.164517 
-3.273070 -86.333607 69.259746 349.591865 3.909643 
-2.733689 -86.109133 67.290286 347.561632 3.815981 
-1.833877 -88.056841 73.574985 363.340266 2.938808 
-1.807769 -87.732779 72.508181 362.868943 2.437705 
-1.793253 -88.254970 73.309767 365.540592 2.147976 
-1.658555 -88.738336 72.526491 366.112345 1.754808 
-1.333951 -88.051273 74.003776 367.174604 2.846193 
-1.293064 -88.740294 75.540830 370.122534 2.281889 
-1.101018 -88.960139 76.446501 372.514566 2.205115 
-1.016298 -88.533100 77.695203 374.738630 1.868962 
-1.116432 -89.328261 75.903154 376.870890 1.492213 
-0.945894 -89.541947 76.161781 377.815104 0.908467 
-1.059026 -89.920210 75.930655 378.867796 0.964682 
-1.191485 -89.497498 76.152975 377.056333 1.400443 
